4969, 6592, 8051, 8761, 9213, 11364, 11457, 11476, 12823, 12878, 13263, 15003, 15697, 15699, 16012, 16053, 17746, 17762, 17782, 18322, 18323, 18324, 18377, 18615, 18687, 18695, 18715, 18732, 18800, 18866, 19336, 19337, 19731, 19751, 20169, 20174, 20176, 20181, 20207, 20208, 20209, 20370, 20420, 20474, 20550, 20560, 20852, 21007, 21334, 21397, 21557, 21558, 21578, 21691, 21801, 22165, 22281, 22572, 22782, 22975, 23084, 23121, 23342, 23380, 23410, 23436, 23497, 23517, 23518, 23561, 23602, 23638, 23762, 23922, 23923, 23929, 23966, 24004, 24005, 24006, 24008, 24014, 24025, 24031, 24044, 24046, 24047, 24048, 24049, 24050, 24056, 24061, 24086, 24089, 24090, 24093, 24127, 24133, 24142, 24145

24164, 24173, 24187, 24188, 24190, 24194, 24201, 24222, 24228, 24244, 24253, 24259, 24296, 24297, 24298, 24299, 24301, 24307, 24310, 24313, 24314, 24316, 24345, 24351, 24355, 24371, 24380, 24381, 24511, 24568, 24572, 24573, 24575, 24594, 24627, 24675, 24680, 24685, 24686, 24693, 24696, 24744, 24756, 24864, 24889, 24928, 24929, 24932, 24945, 24958, 24963, 25069, 25070, 25075, 25105, 25144, 25176, 25185, 25186, 25188, 25189, 25190, 25191, 25193, 25226, 25240, 25251, 25259, 25317, 25374, 25722, 25724, 25755, 25784, 26118, 26125, 26137, 26141, 26145, 26152, 26164, 26171, 26174, 26175, 26177, 26178, 26180, 26183, 26394, 26403, 26404, 26620, 26623, 26773, 26778, 26781, 26782, 26784, 26792, 26936

27144, 27145, 27240, 27269, 27272, 27274, 27283, 27286, 27290, 27302, 27364, 27412, 27633, 27756, 27987, 28498, 28724, 28728, 28766, 28771, 28776, 29009, 29116, 29120, 29124, 29144, 29151, 29159, 29210, 29365, 29367, 29580, 30072, 30324, 30727, 30731, 31713, 31726, 31745, 31747, 31752, 31754, 31760, 32161, 32717, 32722, 32738, 32739, 32744, 32746, 32752, 32758, 32762, 32765, 32769, 32771, 32779, 32787, 33746, 33750, 33771, 33772, 33778, 33788, 33791, 33793, 33806, 33809, 34306, 35056, 35070, 35072, 35080, 35358, 35366, 35377, 35391, 35402, 35403, 35407, 35413, 35716, 36875, 36876, 36877, 36901, 36903, 36908, 36916, 36936, 37318, 37319, 37342, 37366, 37389, 38024, 38248, 38250, 38254, 38267

38270, 38271, 38272, 38275, 38284, 38314, 38326, 38335, 38384, 38394, 38395, 38396, 38434, 38435, 38476, 38477, 38479, 38481, 38483, 39889, 40589, 40590, 40628, 40636, 40637, 44240, 44254, 44264, 46183, 46195, 46205, 46206, 46207, 46208, 46210, 46211, 46212, 46216, 46217, 46218, 46239, 46241, 46260, 46269, 46271, 46283, 46295, 46446, 46478, 46782, 46984, 46988, 46989, 47008, 47009, 47011, 47024, 47032, 47051, 47055, 47073, 47109, 47164, 47236, 47372, 47457, 47534, 47588, 47699, 47807, 47820, 47868, 47869, 47877, 47983, 48258, 48395, 48551, 48917, 48999, 49153, 49694, 49747, 49748, 49783, 49810, 50391, 50404, 50461, 50465, 50467, 50484, 50486, 50489, 50493, 50570, 50626, 50627, 50721, 50778

50990, 51576, 51577, 51579, 51580, 51615, 51627, 51656, 51664, 51665, 51666, 51712, 51716, 51858, 51928, 51967, 52013, 52030, 52043, 52062, 52080, 52086, 52106, 52111, 52117, 52274, 52279, 52312, 53056, 53058, 53323, 53512, 53585, 53603, 53848, 53850, 53854, 54060, 54091, 54099, 54124, 54310, 54451, 54688, 54721, 54762, 54874, 55043, 55191, 55267, 55846, 55850, 56183, 56380, 56450, 56482, 56875, 56876, 56993, 57011, 57033, 57105, 57176, 57372, 58561, 58578, 58624, 58633, 58638, 58641, 58643, 58645, 58646, 58685, 58692, 58699, 58701, 58713, 58714, 58718, 58785, 58803, 59318, 59634, 59942, 59954, 59996, 60015, 60066, 60075, 60146, 60154, 60172, 60188, 60189, 60190, 60191, 60192, 60193, 60194

60195, 60196, 60197, 60198, 60199, 60274, 60275, 60276, 60277, 60278, 60279, 60580, 60821, 60985, 60993, 60996, 61511, 61900, 61912, 61914, 62922, 62923, 62924, 62925, 63749, 64445, 64551, 65932, 66236, 66263, 66267, 66488, 66510, 67797, 68476, 68493, 68575, 69212, 69667, 69678, 69684, 69702, 69726, 69738, 69754, 69788, 69790, 69797, 69825, 70164, 70193, 70317, 70365, 70375, 70386, 70400, 70409, 70445, 70464, 70476, 70480, 70703, 70735, 71063, 71076, 71157, 71233, 71236, 71581, 71582, 71583, 71584, 71585, 71587, 71588, 71604, 71975, 72001, 72048, 72055, 72553, 72607, 72635

